404604
596840
404606
404605
404598
632140
317713
494703
695797
597693
452607
723323
648772
755390
755391
755392
755384
762164
775764
408497
330332
334783
280961
230696
624634
8236
229591
404162
284472
672538
885319
841780
636775
655651
251714
53060
648755
89630
335843
425919
838842
822812
745559
652860
408536
891759
600931
161001
374731
232016
252253
408569
463031
818563
584033
397355
408756
408755
567100
106245
425879
581881
682683
95554
803221
56053
635379
634707
471080
437372
737838
921018
957768
491732
692675
408759
756226
565212
669448
690831
466526
8224
840748
41900
408450
600925
661214
602583
342360
669168
842575
408624
787903
353992
542303
678509
622174
724678
229970
656731
652615
840742
370494
434644
256149
580730
470980
470979
470978
518728
408654
325797
63744
63745
61318
51664
63742
48364
56031
661091
942279
408472
678265
677654
760481
715010
408459
229702
53068
492366
425900
592297
425908
933383
425906
425922
481558
52539
397392
77787
335191
252252
252113
843208
885596
768061
485053
229583
229890
603847
675408
408547
723435
135130
421997
70915
408806
630158
317198
678806
392815
808570
501963
569215
401760
933724
298352
840993
408670
669014
455432
676672
923483
497643
497644
160314
80117
757456
748183
425877
818883
408545
811335
408453
764809
408590
321836
577175
574530
387166
843074
731727
493093
787906
842155
674054
684227
671063
257376
801968
675787
678124
675788
298252
408463
600880
741642
262971
705769
408725
408605
295266
349804
629609
331441
708900
624640
671641
532817
52335
408503
229841
869532
923482
440471
440472
440470
440469
798496
542293
438266
466359
475612
408563
258621
396125
408944
433804
576145
601096
602370
694549
600941
335179
428657
532886
408663
350252
342198
233182
542179
298464
298472
666662
260407
748178
408520
414679
408673
653594
105376
335790
949200
407580
408445
893120
804244
252330
47405
408637
397219
425914
542297
408558
335184
647340
53061
343423
331942
703298
353372
503735
761025
503734
761026
440477
760999
761023
760527
452826
761018
761020
761004
761010
629591
838855
542299
957869
201218
764530
548370
488337
683226
707096
367144
425871
703027
401176
342358
407774
408775
298465
408633
623041
623042
508644
635553
917289
917288
408647
757704
332233
759991
265418
281402
584020
281581
324625
382731
909657
281580
317710
317709
382709
490278
317711
317708
309167
431305
308605
436793
281582
386267
412593
304487
708364
271776
942544
277578
772391
408424
408426
818580
2428
855897
368991
737610
335835
709716
469612
404048
191641
214242
344192
843172
840074
500318
585240
600952
178751
676961
337364
295004
693969
408738
743409
493987
802729
679792
806664
849461
628306
840768
708082
229737
841338
407452
425858
53708
223987
446730
425876
460508
818885
927558
445403
719876
408737
584034
408727
408736
408499
7854
96174
419410
300530
335810
818784
408671
762154
408584
408460
933789
383715
695739
37811
103380
838852
408491
913017
840073
257371
439636
690834
541891
542266
846936
655515
404072
404083
428655
404071
34527
843592
408458
144210
353356
687442
713543
687717
408616
708005
678824
405207
362119
370127
373337
481089
408583
586506
260382
299781
684075
479762
229736
51167
817623
455573
470698
472363
347166
333735
757540
416111
542458
406704
406703
421356
542459
542457
607767
696789
764261
406702
406701
421357
407361
942548
586251
880691
718442
164427
471889
570358
452608
731610
838243
891802
335799
720272
708349
569942
684106
585302
684101
749374
840883
853272
521804
330986
81376
683128
408603
843589
750255
335623
666587
719254
325004
324990
600935
471523
401768
160997
160998
229910
335577
335846
425116
425112
408653
92783
374744
382423
225849
252567
408724
382425
382424
716856
342354
258327
408576
51759
747188
496181
846873
840320
844103
408478
258451
573462
425880
493376
279891
429503
586602
56058
713520
272960
932330
480634
730952
885626
401157
184642
844259
298463
460622
399966
490128
707184
512332
408479
408617
258305
679543
842584
817308
494197
341668
742573
334405
478014
354546
425929
331950
63148
149705
38778
335798
373426
408742
425872
500336
397478
220947
652741
586603
730521
717294
425931
794137
53047
316233
682396
906911
229701
230295
425862
408612
230133
230132
230296
230111
394030
353361
583751
723594
425889
408540
470033
771502
602361
401765
401766
423069
436799
401767
414992
436370
470858
399974
891899
385984
343500
339160
363390
230302
957814
840069
339439
351207
351200
86688
354151
452972
452973
467507
425896
425907
808397
679749
304291
683133
408600
567119
50610
427834
682478
408634
408720
500270
652875
934104
627694
425902
580721
425903
408661
762139
47741
160996
335819
52047
335818
335801
335800
298460
740697
273209
455442
600927
574536
408739
408773
694996
370947
367142
573850
679629
712844
841428
884624
691553
675396
804557
335182
597264
408486
408735
408709
408657
425920
411825
180365
252547
661247
745578
391104
52004
265417
400949
401327
507697
597297
678109
729515
808435
819943
840052
391352
281248
398077
398076
398075
281535
584025
818884
838851
667432
686827
693624
686823
822803
408429
408510
335808
438979
408557
748577
474178
408475
478974
353793
471010
532892
425912
402527
408655
408705
893590
8247
469221
300085
682057
671623
683176
683182
885317
408728
666400
408752
673244
138540
650663
645418
728478
408349
408348
408353
408354
452651
425930
408587
585031
316918
408519
408676
408651
768065
439647
705786
838700
230608
230605
436147
617610
570089
335795
644861
427047
427058
268487
56048
811699
757859
841847
408815
842147
408785
53050
500456
370265
824198
824194
824193
370244
451262
586443
437369
425414
624266
230611
230604
53045
50022
182534
230610
230616
230594
230603
93897
56056
230618
230475
230481
164526
64158
403191
47910
52581
47413
51918
230617
230612
51950
464956
921973
852773
53046
431272
596064
350892
843937
392515
326091
839107
425855
761603
893808
521421
679759
679757
734582
362127
404599
331613
807626
455433
624267
750039
335189
681114
408766
494662
880650
95323
276480
276765
428699
713366
55505
396495
893778
378053
408449
408722
335849
842976
408496
818748
55502
467476
347840
675203
47629
47411
678840
412521
678841
744630
446788
408712
408760
678681
353860
332449
840986
408636
583740
401793
309205
273890
693082
408763
335823
350254
334374
350253
771616
842974
893800
680786
408678
806499
247926
894025
885321
425916
404905
680440
470975
542296
838841
350648
678807
677615
532885
317712
703014
335833
335834
542263
489364
585332
585312
593016
812947
494729
572361
712640
789251
408434
880692
257535
425884
594823
399921
408462
351332
343428
266951
647215
408441
408451
719846
602371
368989
408772
408570
503287
838925
149665
892476
408518
470330
335578
141034
676947
141796
581776
689595
678410
335342
586601
957501
957755
408539
427015
528134
528135
728536
408779
843192
807470
335732
406149
334630
841287
818747
703033
230493
119318
822848
818882
419504
949172
684090
679553
684084
811509
709550
664198
760080
56179
47622
392519
299838
88671
160302
400124
431192
400123
885320
891397
688644
822804
660959
684073
715193
437359
583020
230874
230878
820605
228582
230877
230875
771407
602006
49869
840700
408782
408347
408433
56052
49496
103501
252550
494305
337458
298459
310781
299121
75438
408610
402944
337904
8237
266997
722310
607020
474003
660976
807902
817892
885630
730452
689872
629829
408494
762022
408699
692463
840760
659603
408607
492569
892076
47419
79770
839154
338679
392638
431255
408344
666698
153930
63036
415608
740696
861676
891840
425863
335851
684108
739606
470041
480613
480616
818881
408564
404903
410363
420133
408896
397457
335817
56047
266952
424652
474805
734896
47627
634789
679778
802253
408505
693075
432645
408553
716727
465180
477574
408473
408799
713521
408730
408710
408428
748708
362112
603275
251588
425854
408646
56159
56158
180167
893588
392816
475009
342363
103735
47624
831380
500322
467953
838837
431254
322974
431874
455443
692462
880618
597686
667786
353354
574159
274280
408693
335188
52141
891776
542442
556792
425927
408748
829716
474760
474759
818746
739627
843904
821145
308116
408707
408660
394844
394843
457672
445626
394845
712566
708904
677728
95251
160562
843600
511942
532815
41832
229653
467931
408659
450582
408741
721132
403782
467966
408700
408465
408674
408758
723279
776190
428667
425915
688664
397222
298353
678797
425853
258447
258452
258453
456504
957866
584065
335731
341688
335789
461823
381727
580732
778766
41956
601097
807891
842510
800959
79841
408515
47619
352862
335185
471759
47863
690182
408456
850323
373012
280155
652740
352863
408535
678518
825382
807398
683273
678844
679847
50509
229871
342369
665292
842552
842554
842557
842560
408513
818562
842159
335840
266850
332249
335857
335809
479004
266946
48765
56042
842014
842015
590686
803377
739609
425864
678815
408551
52518
321394
491586
576223
705745
166190
768063
164420
742905
229704
797931
24830
229637
56045
229700
50788
230074
24831
229732
419146
597442
921982
398711
668173
251715
401780
130192
460506
843591
252110
332141
334418
408485
709435
709431
709434
747607
570052
766653
256150
229945
585299
47245
408528
624635
818258
408596
452823
298101
39895
335859
761608
408781
502977
451238
422990
478912
467477
252515
818731
230065
47418
229693
220996
229706
397792
466518
306826
470917
725113
447649
602400
53043
430469
467849
469455
408656
684080
838232
47623
820650
817900
446124
408788
36201
660702
352857
156751
354928
353815
318540
425875
50023
53044
758067
409011
846838
430467
47387
540838
300881
842797
613945
408523
485355
64100
408542
474792
53049
425860
425868
727618
470148
366696
408559
494727
467482
467483
467484
467485
408509
171168
406724
403855
370257
408534
820606
820609
470034
762143
455107
257372
258552
451100
366531
676391
408704
464883
495830
747657
876146
661059
212773
757376
570280
787458
581102
678808
682718
842056
408552
844268
408717
687818
915336
496238
588922
838009
401500
399217
842396
762140
477356
820579
843240
683987
486502
669167
669170
719694
408679
408695
342494
342483
683131
683253
710680
644868
448523
498479
229775
781545
456433
309005
184315
355188
675205
184317
50024
8234
413956
366479
184318
635017
185766
839237
337780
384412
337779
63149
304040
308265
230120
230299
842509
408533
730115
400120
840190
718628
820573
600953
580914
470918
408549
339143
130191
156707
47658
339139
113486
407826
407820
407988
408640
437370
683889
408644
258306
257416
258288
258307
258558
257373
486517
414980
258457
53069
738568
408770
942274
408490
408527
425859
425861
696785
436145
408672
436143
762144
408597
518059
470967
493909
402562
408708
838844
730470
8233
229886
460398
716013
193760
593801
679618
258622
818728
837167
691223
805114
838850
683140
532873
284606
672973
682056
350255
342367
367762
471871
408625
408721
891858
80460
349549
671689
407267
455408
353371
408754
705797
647198
342356
675384
458431
838843
752
465817
408615
843329
398549
459362
408508
408750
408454
455441
184643
817856
882284
584032
676950
698553
437371
408543
350250
425897
535440
56054
258282
425928
258289
258333
258556
495289
580687
258555
258557
408719
408443
53066
404160
404161
408501
258285
411736
408504
335822
408511
669013
8219
335324
428658
229656
303831
728047
408829
408830
657225
798504
8221
777658
335806
408495
584035
252577
408469
253312
477289
386475
408733
175227
156637
575908
602386
258582
709267
687506
455485
493803
438366
434163
710814
408477
678789
757678
81012
414977
563887
908998
405140
728469
408474
354541
918870
601560
425901
408703
683132
469247
408767
838854
780911
838235
397430
444937
444938
425911
622998
893616
408623
413415
261000
713518
408599
622835
667217
713202
817869
394031
507660
408687
408668
684260
712680
494726
712682
712683
753688
447631
443706
8240
397312
56050
411983
408487
400122
839680
425893
425894
283290
283116
392359
283418
403013
481036
557632
601774
678323
283283
841279
428339
281884
838840
470331
268490
679827
843980
408609
523222
564952
102286
767083
425898
425905
683890
469634
710277
757881
679812
460507
394654
893713
395088
1846
399968
477572
476082
331612
707636
843594
708402
683893
601104
697014
766511
658942
408350
678832
500563
614161
493096
762040
453278
408726
564916
682717
441289
891373
728512
510396
842136
840101
408684
425921
334703
52100
51671
50833
51460
52624
582671
334672
333478
333479
334689
332157
333477
347832
333106
49415
370953
332156
787901
689547
461886
675401
838853
791158
425891
455409
748576
573464
585717
711761
425886
332183
722311
392819
846861
406205
422171
507610
584023
670060
729527
823501
891653
949170
229876
408694
861475
425924
958556
255148
923481
745124
408500
757488
326084
141478
408746
408448
580193
392545
580716
343427
408642
678795
594782
703049
682239
8239
627178
703297
607809
321790
715472
297819
652734
493133
447650
503327
335234
427013
733281
766542
719692
408580
63767
957917
632810
392636
455503
672942
567994
961596
311132
471897
596038
342077
671690
846872
820670
408537
298660
335821
400592
335734
367761
798544
481517
56043
412127
268488
469835
436270
342355
542292
379614
408648
808315
408565
408643
230090
396523
78861
408786
574065
678772
719756
647602
408414
346520
346519
346521
797950
230100
95555
762146
367013
707097
676348
105377
466533
259892
879160
408688
678809
843221
843979
408645
586599
266584
401752
684126
684131
172816
676277
669012
494771
392521
468071
408577
820604
667273
838309
306418
425881
332402
480493
861572
410469
627696
408706
485363
839155
880601
923239
796527
722315
666697
436213
386634
787902
367763
891703
309383
669169
439133
199517
466506
820713
408805
838847
672968
613832
743128
668868
308915
626638
408690
635011
408778
351330
838728
521043
408667
342361
933178
452711
455106
470702
49751
333833
333027
332125
163224
470375
843071
542221
923115
470557
408614
679665
724237
408692
408635
748678
575963
921030
661039
843595
585214
660820
64929
675405
408546
668147
426321
426323
426324
678843
574160
402930
402931
682481
330793
425925
822813
335792
542238
295061
79517
408476
472367
667648
756762
8243
38892
8241
7905
431270
412592
412591
84673
812944
56059
261029
229699
8248
317098
431228
220518
546719
584066
720031
494702
268759
408467
47408
334601
47636
51865
408489
730408
679824
335735
613009
822183
408683
8229
279203
85044
762148
916108
84985
84987
597028
370933
295265
711455
933306
408502
425917
449950
408768
474736
520536
684351
56051
523327
647194
815929
927797
766648
403011
584024
745223
521613
852639
335820
408560
661299
893252
8228
421921
50255
741693
778832
838749
842397
897902
251882
586651
317168
317169
260426
455407
408578
734672
666846
401751
924342
177028
391804
229590
408816
79030
626864
397360
427014
523150
842146
408493
745115
408574
687808
173573
803910
79873
957867
373060
664710
440479
654479
654478
455802
612961
762145
718588
105078
648516
465818
574179
441
789374
522019
522020
28143
460271
335306
408598
581890
949195
408895
335180
335181
362118
425866
408466
353355
408751
281240
791160
738567
471494
820591
408685
408601
56046
335815
335814
335811
335812
335813
715063
438356
817855
408784
820636
429014
339583
182262
468302
734900
474698
468300
335856
707090
846879
457158
818330
676957
342366
917957
399967
408723
408532
256227
281306
29595
762156
408761
820586
95238
697015
408461
408798
764806
665320
408702
432551
677518
762170
532959
481043
713443
818588
611921
342364
261428
391224
470920
662878
350251
477575
408675
693166
78085
425932
762141
295531
258291
53063
258295
335838
335186
56049
53062
502973
467478
861596
644836
957868
569461
710910
444939
95551
408787
762151
331440
408677
687578
408530
532754
470043
737611
741083
679854
731898
335858
408524
818656
408468
175362
408481
408548
481287
243635
724383
335855
230880
156702
230898
195943
949173
397386
447630
718587
810879
682720
682721
921513
840216
647232
567157
838637
584059
398645
94769
55878
96173
575616
103083
229691
455588
455468
760017
298326
639033
261127
722918
379670
678648
379671
431242
668874
693332
53065
53067
379660
53064
53057
352317
352305
676971
840753
438344
470919
335847
370954
695921
191575
471496
481041
455450
332165
730665
455406
823206
719697
229703
56038
53052
420657
332107
748675
679807
412659
675402
268758
408649
807008
256147
335841
676946
760019
414511
408482
470902
806159
566513
841485
307619
775162
908363
580743
408789
694435
710133
712087
335791
679798
854279
584036
321393
807414
695926
470051
188669
485315
493149
822806
477573
690743
334403
528221
603181
425913
843954
408566
843590
305302
454868
408665
882273
791068
474791
806194
255649
430468
407720
412947
707226
788173
467942
467940
487188
808250
679524
691641
471497
908978
757674
425923
708892
425882
470337
408905
675395
762157
629258
226852
506201
678213
728949
839274
218559
724236
319049
52140
408447
335788
586605
397431
397433
408455
592368
594619
749408
574182
723377
350256
761969
682517
353359
414934
439046
669347
696784
709625
612954
807402
523360
841462
723841
943888
585392
479778
259351
581214
581215
778860
480158
676943
470971
443171
443197
786985
370988
958558
601098
408650
408514
933323
893407
842938
911093
408541
511061
511062
408718
708888
839109
542294
542295
578224
573642
576686
586209
772924
740698
677726
757691
283274
843261
373373
413066
408620
408602
342477
840752
332910
574726
692459
692467
760523
64203
47388
628484
774342
408691
231023
708895
408747
341208
407914
191619
257374
391801
414608
494805
437340
335797
427889
280531
408529
39442
161233
230274
394827
229918
361699
452838
361690
404098
574944
408484
414939
676958
391282
745529
436148
50297
466916
503192
818753
386474
437373
913019
52134
712641
335816
408517
674413
591914
677712
350249
427103
335187
489360
425890
674872
675406
674931
639759
669011
346081
847755
709865
408783
761614
892205
629401
408632
839108
495761
676944
408777
421922
48005
79205
843416
843415
820533
408538
818854
425892
427012
668148
465319
675301
842583
480583
408581
668374
820588
450008
542301
481456
853301
521767
370981
521768
341790
652726
452606
277366
484318
607279
906765
771392
695502
708096
494728
817995
79422
572762
408713
843903
494666
335802
60927
818951
469711
344193
846825
715084
703305
841332
803225
351333
353787
229730
481342
408714
501721
647199
460503
568068
306511
885627
333901
408526
481534
406148
803434
811653
408522
185851
824201
840995
711440
679735
626888
797292
707102
449949
467475
581910
469778
820544
305501
542224
362303
602387
791156
843576
841681
416525
362114
470711
408588
340106
408774
470970
449951
592108
584019
304516
229770
229851
229850
229729
229734
229733
229738
229728
229707
229784
666593
408769
460272
408488
303081
408442
557745
211085
397447
420797
521094
392805
455515
574216
954140
804556
567966
672963
487571
425856
406150
32473
408457
428656
32472
32471
229586
425874
408621
652742
707597
708751
714215
333362
714412
820060
841026
230155
789249
58684
402526
408470
808833
64977
298661
764811
764810
880686
391802
52019
679760
392830
408452
308733
671692
431271
417876
522018
503452
370
678510
298466
337758
612858
490129
821775
758013
584030
256132
159661
159660
414984
279075
96892
258398
917919
335736
798505
681413
715209
602399
408619
678784
789902
672040
481421
432644
501263
408732
63738
436801
3692
326086
229213
229214
477314
460504
335852
425867
683269
408582
342357
425918
677662
408498
81914
714218
678503
695906
408492
683989
408749
762149
408531
585357
367477
891998
257378
682565
715199
428622
724677
328837
210706
470031
843938
466877
50736
408740
594822
452724
591751
251883
79748
909677
455552
739636
257377
908365
684350
75440
822801
49684
733900
430453
841846
436953
381934
745570
678210
408639
668144
281609
338794
373006
408780
428680
949201
481019
467969
230876
415350
179750
470367
804558
283128
762168
53058
707285
189243
397429
679656
602363
408544
842138
683926
678220
723284
455405
760136
308649
851259
471156
387632
481572
798120
397299
47618
56032
623663
692461
644826
229731
362299
335803
822811
893121
949203
457321
408745
482359
347833
408074
412576
308242
684369
840321
425926
569689
103293
708401
523179
510349
690826
734989
709438
776215
714227
842739
408464
574150
339892
587557
702834
933325
408701
295342
646390
32714
630308
481519
408556
335624
335579
425895
540839
671719
787055
708490
933400
260335
703228
403501
672489
256493
425096
570043
397480
408743
408808
724891
678980
408686
283275
403968
354150
676815
674798
470701
445105
821571
714414
396518
408797
787511
264845
684103
463746
500337
678839
601099
403991
673478
772923
522035
418131
408483
321835
682714
660699
660992
709636
910091
408731
394050
256079
739379
629606
300050
891831
612327
397220
408561
35129
667787
696424
493927
298462
574563
408641
437387
437388
840972
229719
720267
254799
77085
842284
842282
842281
842283
576271
230088
840690
408591
435084
435072
397356
51928
49379
512572
52641
175226
761560
481396
408729
100007
688059
669254
315262
794307
470847
861675
252173
408627
638730
472197
84440
229678
574524
841481
325481
230089
56040
230326
617119
500550
51384
917336
335794
574139
569518
408622
652862
728474
843593
408757
647230
676945
700300
346211
346212
346213
321434
399367
399368
399369
635393
498478
952580
335828
896809
205155
942278
542300
56055
335829
370885
346737
843587
904802
230092
279082
258424
906898
573463
425885
334543
366530
652608
332161
398710
300305
281871
330333
427057
442534
182223
284330
75203
474901
781558
483229
723445
818559
823543
512589
452799
438248
373332
334128
820607
949193
581204
335178
546684
300879
326088
895880
181486
460243
338682
338680
923488
504313
470825
216482
655811
602525
756253
763686
283027
342365
630152
934634
764284
138631
580731
436146
915203
315073
522161
662860
457202
915202
340175
949168
335805
431060
191620
470981
81832
184712
708750
335831
386582
367593
491326
718429
431928
431873
318449
334568
482389
50727
51770
51577
425899
299112
843583
52172
53051
362301
326633
465647
465814
408823
408822
408821
408818
408819
408820
408831
594774
684109
190830
332330
261126
410377
410379
410378
410376
410380
331978
306820
397301
368386
175222
342482
808438
713113
352377
949199
373014
335839
440334
369101
719272
332168
404073
53048
362113
741300
710892
342719
350893
149368
407790
407789
407788
407787
407786
696490
474828
673826
180155
842150
710799
837813
81670
949196
949198
478005
733414
191573
191577
175423
664627
584139